1.0357
1.0319
1.0359
1.0343
1.0303
1.0328
1.0311
1.0326
1.0247
1.0245
1.0175
1.0178
1.0184
1.0189
1.0241
1.0259
1.0262
1.0265
1.0286
1.0398
1.0449
1.0410
1.0422
1.0414
1.0403
1.0435
1.0472
1.0513
1.0535
1.0613
1.0613
1.0596
1.0568
1.0558
1.0614
1.0724
1.0729
1.0728
1.0735
1.0695
1.0663
1.0681
1.0751
1.0761
1.0762
1.0778
1.0717
1.0718
1.0794
1.0836
1.0763
1.0762
1.0763
1.0796
1.0807
1.0841
1.0761
1.0739
1.0737
1.0790
1.0798
1.0709
1.0734
1.0763
1.0745
1.0745
1.0716
1.0765
1.0738
1.0702
1.0616
1.0584
1.0583
1.0611
1.0580
1.0538
1.0585
1.0595
1.0620
1.0619
1.0604
1.0590
1.0685
1.0712
1.0680
1.0653
1.0647
1.0634
1.0642
1.0581
1.0529
1.0583
1.0619
1.0619
1.0621
1.0690
1.0718
1.0751
1.0700
1.0663
1.0656
1.0593
1.0572
1.0529
1.0568
1.0601
1.0620
1.0621
1.0656
1.0653
1.0694
1.0740
1.0774
1.0729
1.0730
1.0756
1.0791
1.0865
1.0836
1.0785
1.0784
1.0781
1.0841
1.0943
1.1103
1.1134
1.1115
1.1082
1.1078
1.1030
1.1096
1.1104
1.1133
1.1246
1.1342
1.1343
1.1364
1.1349
1.1511
1.1510
1.1498
1.1499
1.1500
1.1568
1.1626
1.1581
1.1546
1.1546
1.1597
1.1597
1.1561
1.1594
1.1568
1.1540
1.1570
1.1636
1.1637
1.1631
1.1566
1.1490
1.1440
1.1473
1.1501
1.1500
1.1400
1.1382
1.1297
1.1176
1.1176
1.1098
1.1087
1.1083
1.1085
1.1081
1.1035
1.0984
1.0919
1.0921
1.0877
1.0852
1.0803
1.0683
1.0642
1.0633
1.0634
1.0643
1.0607
1.0573
1.0520
1.0552
1.0582
1.0582
1.0619
1.0584
1.0566
1.0466
1.0460
1.0510
1.0510
1.0514
1.0513
1.0515
1.0439
1.0484
1.0552
1.0552
1.0506
1.0576
1.0584
1.0460
1.0408
1.0413
1.0413
1.0417
1.0383
1.0459
1.0483
1.0428
1.0395
1.0394
1.0431
1.0544
1.0553
1.0537
1.0519
1.0515
1.0515
1.0412
1.0421
1.0419
1.0367
1.0347
1.0346
1.0347
1.0368
1.0376
1.0294
1.0270
1.0259
1.0284
1.0284
1.0275
1.0189
1.0147
1.0132
1.0164
1.0170
1.0170
1.0142
1.0113
1.0103
1.0134
1.0207
1.0202
1.0202
1.0121
1.0002
1.0029
1.0084
1.0137
1.0103
1.0104
1.0065
1.0032
0.9903
0.9862
0.9833
0.9830
0.9832
0.9846
0.9812
0.9763
0.9781
0.9780
0.9742
0.9742
0.9743
0.9686
0.9640
0.9632
0.9648
0.9631
0.9629
0.9632
0.9624
0.9578
0.9519
0.9561
0.9597
0.9595
0.9594
0.9664
0.9641
0.9651
0.9743
0.9774
0.9772
0.9706
0.9781
0.9890
0.9851
0.9857
0.9829
0.9829
0.9873
0.9860
0.9791
0.9676
0.9590
0.9632
0.9632
0.9648
0.9648
0.9708
0.9716
0.9761
0.9814
0.9812
0.9819
0.9870
0.9945
0.9910
0.9950
0.9930
0.9929
0.9910
0.9907
0.9954
0.9984
1.0015
1.0040
1.0038
1.0017
0.9997
1.0035
1.0000
0.9883
0.9737
0.9738
0.9799
0.9810
0.9881
0.9851
0.9822
0.9815
0.9815
0.9782
0.9647
0.9622
0.9683
0.9635
0.9693
0.9693
0.9674
0.9615
0.9551
0.9551
0.9603
0.9621
0.9621
0.9617
0.9532
0.9509
0.9408
0.9358
0.9350
0.9349
0.9352
0.9411
0.9547
0.9664
0.9652
0.9678
0.9678
0.9669
0.9704
0.9725
0.9680
0.9647
0.9639
0.9639
0.9650
0.9619
0.9597
0.9589
0.9637
0.9589
0.9589
0.9565
0.9471
0.9433
0.9441
0.9447
0.9425
0.9426
0.9420
0.9413
0.9369
0.9431
0.9498
0.9556
0.9560
0.9562
0.9562
0.9626
0.9627
0.9713
0.9737
0.9738
0.9723
0.9693
0.9651
0.9561
0.9501
0.9450
0.9448
0.9465
0.9441
0.9364
0.9281
0.9272
0.9288
0.9289
0.9281
0.9301
0.9264
0.9268
0.9300
0.9255
0.9252
0.9257
0.9309
0.9328
0.9318
0.9316
0.9301
0.9299
0.9275
0.9214
0.9155
0.9015
0.9033
0.9014
0.9012
0.9047
0.9040
0.9039
0.9086
0.9127
0.9204
0.9206
0.9197
0.9184
0.9217
0.9168
0.9229
0.9243
0.9244
0.9236
0.9239
0.9213
0.9179
0.9128
0.9074
0.9080
0.9082
0.9018
0.8972
0.8940
0.8934
0.8928
0.8928
0.8955
0.8978
0.8945
0.8850
0.8862
0.8868
0.8868
0.8833
0.8800
0.8753
0.8728
0.8697
0.8658
0.8658
0.8663
0.8643
0.8615
0.8630
0.8728
0.8797
0.8794
0.8757
0.8766
0.8821
0.8863
0.8871
0.8933
0.8934
0.8886
0.8848
0.8807
0.8818
0.8802
0.8781
0.8783
0.8815
0.8825
0.8771
0.8697
0.8580
0.8499
0.8498
0.8516
0.8516
0.8478
0.8429
0.8404
0.8343
0.8344
0.8358
0.8358
0.8366
0.8388
0.8420
0.8436
0.8436
0.8408
0.8399
0.8489
0.8513
0.8486
0.8491
0.8492
0.8473
0.8434
0.8406
0.8406
0.8377
0.8336
0.8337
0.8360
0.8335
0.8331
0.8359
0.8451
0.8471
0.8474
0.8483
0.8461
0.8406
0.8419
0.8432
0.8372
0.8372
0.8368
0.8349
0.8279
0.8147
0.8160
0.8156
0.8151
0.8151
0.8195
0.8222
0.8204
0.8185
0.8196
0.8189
0.8087
0.8029
0.8016
0.8019
0.7968
0.7863
0.7871
0.7880
0.7777
0.7689
0.7730
0.7659
0.7682
0.7665
0.7591
0.7437
0.7257
0.7414
0.7674
0.7782
0.7786
0.7881
0.7856
0.7917
0.7925
0.7906
0.7855
0.7859
0.7878
0.7892
0.7927
0.7953
0.7973
0.8069
0.8070
0.8135
0.8183
0.8121
0.8014
0.7885
0.7889
0.7889
0.7876
0.8241
