1.035700000000000065e+00
1.031900000000000039e+00
1.035900000000000043e+00
1.034299999999999997e+00
1.030299999999999994e+00
1.032799999999999940e+00
1.031099999999999905e+00
1.032599999999999962e+00
1.024699999999999944e+00
1.024499999999999966e+00
1.017500000000000071e+00
1.017800000000000038e+00
1.018399999999999972e+00
1.018899999999999917e+00
1.024100000000000010e+00
1.025900000000000034e+00
1.026200000000000001e+00
1.026499999999999968e+00
1.028599999999999959e+00
1.039800000000000058e+00
1.044899999999999940e+00
1.040999999999999925e+00
1.042200000000000015e+00
1.041400000000000103e+00
1.040300000000000002e+00
1.043500000000000094e+00
1.047199999999999909e+00
1.051299999999999901e+00
1.053500000000000103e+00
1.061299999999999910e+00
1.061299999999999910e+00
1.059600000000000097e+00
1.056799999999999962e+00
1.055800000000000072e+00
1.061399999999999899e+00
1.072400000000000020e+00
1.072899999999999965e+00
1.072799999999999976e+00
1.073499999999999899e+00
1.069499999999999895e+00
1.066300000000000026e+00
1.068100000000000049e+00
1.075099999999999945e+00
1.076100000000000056e+00
1.076200000000000045e+00
1.077800000000000091e+00
1.071700000000000097e+00
1.071800000000000086e+00
1.079399999999999915e+00
1.083599999999999897e+00
1.076300000000000034e+00
1.076200000000000045e+00
1.076300000000000034e+00
1.079599999999999893e+00
1.080699999999999994e+00
1.084100000000000064e+00
1.076100000000000056e+00
1.073900000000000077e+00
1.073700000000000099e+00
1.078999999999999959e+00
1.079800000000000093e+00
1.070899999999999963e+00
1.073399999999999910e+00
1.076300000000000034e+00
1.074500000000000011e+00
1.074500000000000011e+00
1.071600000000000108e+00
1.076500000000000012e+00
1.073800000000000088e+00
1.070200000000000040e+00
1.061600000000000099e+00
1.058400000000000007e+00
1.058300000000000018e+00
1.061099999999999932e+00
1.058000000000000052e+00
1.053800000000000070e+00
1.058499999999999996e+00
1.059500000000000108e+00
1.062000000000000055e+00
1.061900000000000066e+00
1.060400000000000009e+00
1.058999999999999941e+00
1.068500000000000005e+00
1.071199999999999930e+00
1.068000000000000060e+00
1.065299999999999914e+00
1.064699999999999980e+00
1.063399999999999901e+00
1.064200000000000035e+00
1.058100000000000041e+00
1.052899999999999947e+00
1.058300000000000018e+00
1.061900000000000066e+00
1.061900000000000066e+00
1.062100000000000044e+00
1.068999999999999950e+00
1.071800000000000086e+00
1.075099999999999945e+00
1.070000000000000062e+00
1.066300000000000026e+00
1.065600000000000103e+00
1.059299999999999908e+00
1.057199999999999918e+00
1.052899999999999947e+00
1.056799999999999962e+00
1.060100000000000042e+00
1.062000000000000055e+00
1.062100000000000044e+00
1.065600000000000103e+00
1.065299999999999914e+00
1.069399999999999906e+00
1.074000000000000066e+00
1.077399999999999913e+00
1.072899999999999965e+00
1.072999999999999954e+00
1.075599999999999890e+00
1.079099999999999948e+00
1.086500000000000021e+00
1.083599999999999897e+00
1.078500000000000014e+00
1.078400000000000025e+00
1.078100000000000058e+00
1.084100000000000064e+00
1.094300000000000050e+00
1.110300000000000065e+00
1.113399999999999945e+00
1.111499999999999932e+00
1.108200000000000074e+00
1.107799999999999896e+00
1.102999999999999980e+00
1.109599999999999920e+00
1.110400000000000054e+00
1.113299999999999956e+00
1.124600000000000044e+00
1.134200000000000097e+00
1.134300000000000086e+00
1.136400000000000077e+00
1.134900000000000020e+00
1.151100000000000012e+00
1.151000000000000023e+00
1.149799999999999933e+00
1.149899999999999922e+00
1.149999999999999911e+00
1.156800000000000050e+00
1.162600000000000078e+00
1.158099999999999907e+00
1.154600000000000071e+00
1.154600000000000071e+00
1.159699999999999953e+00
1.159699999999999953e+00
1.156099999999999905e+00
1.159399999999999986e+00
1.156800000000000050e+00
1.153999999999999915e+00
1.157000000000000028e+00
1.163599999999999968e+00
1.163699999999999957e+00
1.163100000000000023e+00
1.156600000000000072e+00
1.149000000000000021e+00
1.143999999999999906e+00
1.147299999999999986e+00
1.150099999999999900e+00
1.149999999999999911e+00
1.139999999999999902e+00
1.138200000000000101e+00
1.129699999999999926e+00
1.117599999999999927e+00
1.117599999999999927e+00
1.109799999999999898e+00
1.108700000000000019e+00
1.108300000000000063e+00
1.108500000000000041e+00
1.108100000000000085e+00
1.103499999999999925e+00
1.098400000000000043e+00
1.091900000000000093e+00
1.092100000000000071e+00
1.087699999999999889e+00
1.085199999999999942e+00
1.080300000000000038e+00
1.068300000000000027e+00
1.064200000000000035e+00
1.063299999999999912e+00
1.063399999999999901e+00
1.064300000000000024e+00
1.060699999999999976e+00
1.057299999999999907e+00
1.052000000000000046e+00
1.055199999999999916e+00
1.058200000000000029e+00
1.058200000000000029e+00
1.061900000000000066e+00
1.058400000000000007e+00
1.056599999999999984e+00
1.046599999999999975e+00
1.046000000000000041e+00
1.050999999999999934e+00
1.050999999999999934e+00
1.051399999999999890e+00
1.051299999999999901e+00
1.051500000000000101e+00
1.043900000000000050e+00
1.048399999999999999e+00
1.055199999999999916e+00
1.055199999999999916e+00
1.050599999999999978e+00
1.057600000000000096e+00
1.058400000000000007e+00
1.046000000000000041e+00
1.040799999999999947e+00
1.041299999999999892e+00
1.041299999999999892e+00
1.041700000000000070e+00
1.038300000000000001e+00
1.045900000000000052e+00
1.048300000000000010e+00
1.042799999999999949e+00
1.039500000000000091e+00
1.039400000000000102e+00
1.043099999999999916e+00
1.054400000000000004e+00
1.055299999999999905e+00
1.053700000000000081e+00
1.051900000000000057e+00
1.051500000000000101e+00
1.051500000000000101e+00
1.041199999999999903e+00
1.042100000000000026e+00
1.041900000000000048e+00
1.036699999999999955e+00
1.034699999999999953e+00
1.034599999999999964e+00
1.034699999999999953e+00
1.036799999999999944e+00
1.037600000000000078e+00
1.029400000000000093e+00
1.026999999999999913e+00
1.025900000000000034e+00
1.028399999999999981e+00
1.028399999999999981e+00
1.027500000000000080e+00
1.018899999999999917e+00
1.014699999999999935e+00
1.013200000000000101e+00
1.016399999999999970e+00
1.016999999999999904e+00
1.016999999999999904e+00
1.014199999999999990e+00
1.011300000000000088e+00
1.010299999999999976e+00
1.013400000000000079e+00
1.020699999999999941e+00
1.020199999999999996e+00
1.020199999999999996e+00
1.012100000000000000e+00
1.000199999999999978e+00
1.002899999999999903e+00
1.008399999999999963e+00
1.013700000000000045e+00
1.010299999999999976e+00
1.010399999999999965e+00
1.006499999999999950e+00
1.003200000000000092e+00
9.902999999999999581e-01
9.861999999999999655e-01
9.832999999999999519e-01
9.829999999999999849e-01
9.831999999999999629e-01
9.846000000000000307e-01
9.811999999999999611e-01
9.762999999999999456e-01
9.780999999999999694e-01
9.779999999999999805e-01
9.741999999999999549e-01
9.741999999999999549e-01
9.743000000000000549e-01
9.686000000000000165e-01
9.639999999999999680e-01
9.631999999999999451e-01
9.647999999999999909e-01
9.630999999999999561e-01
9.628999999999999782e-01
9.631999999999999451e-01
9.624000000000000332e-01
9.577999999999999847e-01
9.518999999999999684e-01
9.560999999999999499e-01
9.596999999999999975e-01
9.595000000000000195e-01
9.594000000000000306e-01
9.664000000000000368e-01
9.640999999999999570e-01
9.650999999999999579e-01
9.743000000000000549e-01
9.774000000000000465e-01
9.771999999999999575e-01
9.706000000000000183e-01
9.780999999999999694e-01
9.889999999999999902e-01
9.850999999999999757e-01
9.857000000000000206e-01
9.828999999999999959e-01
9.828999999999999959e-01
9.872999999999999554e-01
9.859999999999999876e-01
9.790999999999999703e-01
9.676000000000000156e-01
9.589999999999999636e-01
9.631999999999999451e-01
9.631999999999999451e-01
9.647999999999999909e-01
9.647999999999999909e-01
9.707999999999999963e-01
9.716000000000000192e-01
9.760999999999999677e-01
9.814000000000000501e-01
9.811999999999999611e-01
9.818999999999999950e-01
9.869999999999999885e-01
9.945000000000000506e-01
9.909999999999999920e-01
9.949999999999999956e-01
9.929999999999999938e-01
9.929000000000000048e-01
9.909999999999999920e-01
9.907000000000000250e-01
9.953999999999999515e-01
9.983999999999999542e-01
1.001500000000000057e+00
1.004000000000000004e+00
1.003800000000000026e+00
1.001700000000000035e+00
9.997000000000000330e-01
1.003500000000000059e+00
1.000000000000000000e+00
9.882999999999999563e-01
9.737000000000000099e-01
9.737999999999999989e-01
9.798999999999999932e-01
9.809999999999999831e-01
9.880999999999999783e-01
9.850999999999999757e-01
9.821999999999999620e-01
9.815000000000000391e-01
9.815000000000000391e-01
9.781999999999999584e-01
9.647000000000000020e-01
9.622000000000000552e-01
9.683000000000000496e-01
9.635000000000000231e-01
9.693000000000000504e-01
9.693000000000000504e-01
9.674000000000000377e-01
9.615000000000000213e-01
9.550999999999999490e-01
9.550999999999999490e-01
9.603000000000000425e-01
9.620999999999999552e-01
9.620999999999999552e-01
9.616999999999999993e-01
9.532000000000000473e-01
9.508999999999999675e-01
9.407999999999999696e-01
9.357999999999999652e-01
9.350000000000000533e-01
9.348999999999999533e-01
9.352000000000000313e-01
9.411000000000000476e-01
9.546999999999999931e-01
9.664000000000000368e-01
9.651999999999999469e-01
9.677999999999999936e-01
9.677999999999999936e-01
9.668999999999999817e-01
9.704000000000000403e-01
9.725000000000000311e-01
9.679999999999999716e-01
9.647000000000000020e-01
9.638999999999999790e-01
9.638999999999999790e-01
9.649999999999999689e-01
9.618999999999999773e-01
9.596999999999999975e-01
9.588999999999999746e-01
9.637000000000000011e-01
9.588999999999999746e-01
9.588999999999999746e-01
9.565000000000000169e-01
9.471000000000000529e-01
9.433000000000000274e-01
9.441000000000000503e-01
9.446999999999999842e-01
9.425000000000000044e-01
9.425999999999999934e-01
9.419999999999999485e-01
9.413000000000000256e-01
9.368999999999999551e-01
9.431000000000000494e-01
9.497999999999999776e-01
9.556000000000000050e-01
9.559999999999999609e-01
9.562000000000000499e-01
9.562000000000000499e-01
9.626000000000000112e-01
9.627000000000000002e-01
9.713000000000000522e-01
9.737000000000000099e-01
9.737999999999999989e-01
9.723000000000000531e-01
9.693000000000000504e-01
9.650999999999999579e-01
9.560999999999999499e-01
9.500999999999999446e-01
9.449999999999999512e-01
9.447999999999999732e-01
9.465000000000000080e-01
9.441000000000000503e-01
9.364000000000000101e-01
9.281000000000000361e-01
9.272000000000000242e-01
9.287999999999999590e-01
9.288999999999999480e-01
9.281000000000000361e-01
9.301000000000000378e-01
9.264000000000000012e-01
9.267999999999999572e-01
9.300000000000000488e-01
9.254999999999999893e-01
9.252000000000000224e-01
9.256999999999999673e-01
9.308999999999999497e-01
9.327999999999999625e-01
9.317999999999999616e-01
9.315999999999999837e-01
9.301000000000000378e-01
9.298999999999999488e-01
9.274999999999999911e-01
9.213999999999999968e-01
9.154999999999999805e-01
9.014999999999999680e-01
9.032999999999999918e-01
9.013999999999999790e-01
9.012000000000000011e-01
9.046999999999999487e-01
9.040000000000000258e-01
9.039000000000000368e-01
9.085999999999999632e-01
9.126999999999999558e-01
9.203999999999999959e-01
9.205999999999999739e-01
9.196999999999999620e-01
9.183999999999999941e-01
9.216999999999999638e-01
9.167999999999999483e-01
9.229000000000000536e-01
9.243000000000000105e-01
9.243999999999999995e-01
9.235999999999999766e-01
9.239000000000000545e-01
9.213000000000000078e-01
9.179000000000000492e-01
9.127999999999999448e-01
9.073999999999999844e-01
9.080000000000000293e-01
9.082000000000000073e-01
9.018000000000000460e-01
8.971999999999999975e-01
8.940000000000000169e-01
8.933999999999999719e-01
8.928000000000000380e-01
8.928000000000000380e-01
8.954999999999999627e-01
8.978000000000000425e-01
8.944999999999999618e-01
8.850000000000000089e-01
8.861999999999999877e-01
8.868000000000000327e-01
8.868000000000000327e-01
8.832999999999999741e-01
8.800000000000000044e-01
8.752999999999999670e-01
8.728000000000000203e-01
8.697000000000000286e-01
8.658000000000000140e-01
8.658000000000000140e-01
8.662999999999999590e-01
8.642999999999999572e-01
8.615000000000000435e-01
8.629999999999999893e-01
8.728000000000000203e-01
8.797000000000000375e-01
8.793999999999999595e-01
8.757000000000000339e-01
8.766000000000000458e-01
8.820999999999999952e-01
8.862999999999999767e-01
8.870999999999999996e-01
8.932999999999999829e-01
8.933999999999999719e-01
8.885999999999999455e-01
8.848000000000000309e-01
8.807000000000000384e-01
8.818000000000000282e-01
8.801999999999999824e-01
8.780999999999999917e-01
8.782999999999999696e-01
8.814999999999999503e-01
8.824999999999999512e-01
8.770999999999999908e-01
8.697000000000000286e-01
8.579999999999999849e-01
8.498999999999999888e-01
8.497999999999999998e-01
8.516000000000000236e-01
8.516000000000000236e-01
8.477999999999999980e-01
8.428999999999999826e-01
8.404000000000000359e-01
8.343000000000000416e-01
8.344000000000000306e-01
8.357999999999999874e-01
8.357999999999999874e-01
8.366000000000000103e-01
8.387999999999999901e-01
8.419999999999999707e-01
8.436000000000000165e-01
8.436000000000000165e-01
8.407999999999999918e-01
8.398999999999999799e-01
8.488999999999999879e-01
8.512999999999999456e-01
8.486000000000000210e-01
8.490999999999999659e-01
8.491999999999999549e-01
8.473000000000000531e-01
8.434000000000000385e-01
8.406000000000000139e-01
8.406000000000000139e-01
8.377000000000000002e-01
8.336000000000000076e-01
8.336999999999999966e-01
8.359999999999999654e-01
8.335000000000000187e-01
8.330999999999999517e-01
8.358999999999999764e-01
8.450999999999999623e-01
8.470999999999999641e-01
8.474000000000000421e-01
8.483000000000000540e-01
8.460999999999999632e-01
8.406000000000000139e-01
8.418999999999999817e-01
8.431999999999999496e-01
8.372000000000000552e-01
8.372000000000000552e-01
8.367999999999999883e-01
8.348999999999999755e-01
8.278999999999999693e-01
8.146999999999999797e-01
8.159999999999999476e-01
8.155999999999999917e-01
8.151000000000000467e-01
8.151000000000000467e-01
8.195000000000000062e-01
8.222000000000000419e-01
8.204000000000000181e-01
8.185000000000000053e-01
8.195999999999999952e-01
8.188999999999999613e-01
8.086999999999999744e-01
8.028999999999999471e-01
8.015999999999999792e-01
8.018999999999999462e-01
7.967999999999999527e-01
7.862999999999999989e-01
7.871000000000000218e-01
7.880000000000000338e-01
7.776999999999999469e-01
7.689000000000000279e-01
7.730000000000000204e-01
7.659000000000000252e-01
7.681999999999999940e-01
7.664999999999999591e-01
7.590999999999999970e-01
7.437000000000000277e-01
7.257000000000000117e-01
7.413999999999999480e-01
7.673999999999999710e-01
7.782000000000000028e-01
7.785999999999999588e-01
7.881000000000000227e-01
7.855999999999999650e-01
7.916999999999999593e-01
7.924999999999999822e-01
7.905999999999999694e-01
7.854999999999999760e-01
7.859000000000000430e-01
7.877999999999999448e-01
7.892000000000000126e-01
7.926999999999999602e-01
7.953000000000000069e-01
7.973000000000000087e-01
8.068999999999999506e-01
8.070000000000000506e-01
8.135000000000000009e-01
8.183000000000000274e-01
8.121000000000000441e-01
8.014000000000000012e-01
7.884999999999999787e-01
7.889000000000000457e-01
7.889000000000000457e-01
7.875999999999999668e-01
8.241000000000000547e-01
